0 0.504167 0.462963 0.044792 0.183333
0 0.601562 0.285185 0.027083 0.135185
0 0.582552 0.275463 0.027604 0.137963
0 0.577344 0.199537 0.027604 0.091667
0 0.672656 0.260185 0.030729 0.137037
0 0.693750 0.252315 0.030208 0.110185
0 0.816146 0.381481 0.035417 0.157407
0 0.807813 0.287037 0.026042 0.068519
0 0.826823 0.293981 0.022396 0.084259
0 0.855729 0.264352 0.025000 0.104630
0 0.836719 0.248611 0.019271 0.073148
0 0.964063 0.291204 0.023958 0.112037
0 0.227604 0.152315 0.029167 0.106481
2 0.501042 0.525000 0.094792 0.150000
2 0.600521 0.325463 0.075000 0.110185
2 0.669010 0.283333 0.081771 0.107407
2 0.566146 0.235185 0.082292 0.087037
1 0.579688 0.168981 0.017708 0.030556
1 0.584375 0.222685 0.019792 0.028704
1 0.604427 0.235648 0.015104 0.037963
1 0.679167 0.206944 0.019792 0.030556
1 0.231510 0.112963 0.015104 0.029630
2 0.232292 0.181481 0.046875 0.105556
2 0.808594 0.428704 0.105729 0.135185
2 0.953906 0.331944 0.078646 0.093519
1 0.821094 0.318056 0.021354 0.032407
1 0.809635 0.266667 0.017188 0.033333
1 0.966667 0.249074 0.017708 0.027778
