0 0.366667 0.254167 0.037500 0.128704
0 0.398698 0.157407 0.030729 0.118519
0 0.878646 0.309722 0.038542 0.136111
0 0.903385 0.294444 0.030729 0.107407
0 0.933594 0.326389 0.032813 0.099074
0 0.939323 0.426389 0.044271 0.158333
2 0.368229 0.293981 0.057292 0.132407
2 0.401302 0.186111 0.050521 0.107407
1 0.396875 0.114815 0.014583 0.031481
2 0.774219 0.178241 0.070312 0.071296
1 0.909375 0.257407 0.019792 0.031481
1 0.886979 0.256944 0.020833 0.030556
1 0.938021 0.296296 0.020833 0.031481
1 0.937500 0.364352 0.018750 0.034259
2 0.872396 0.329167 0.092708 0.115741
2 0.919271 0.362963 0.094792 0.125926
2 0.932813 0.460648 0.102083 0.149074
