0 0.097656 0.609259 0.070312 0.216667
0 0.292448 0.580556 0.065104 0.211111
0 0.281250 0.403704 0.044792 0.112963
0 0.363281 0.287037 0.033854 0.114815
0 0.330208 0.243519 0.032292 0.101852
0 0.422656 0.102778 0.013021 0.048148
0 0.681250 0.475463 0.026042 0.145370
0 0.669271 0.444907 0.028125 0.141667
0 0.687240 0.480556 0.023438 0.088889
2 0.103125 0.680093 0.151042 0.182407
2 0.286458 0.669907 0.056250 0.132407
2 0.282552 0.469907 0.036979 0.087963
2 0.678646 0.523611 0.065625 0.125000
2 0.423438 0.118519 0.014583 0.027778
2 0.366406 0.329630 0.027604 0.075926
2 0.330990 0.282870 0.025521 0.069444
1 0.328646 0.201852 0.010417 0.022222
1 0.421875 0.089352 0.009375 0.017593
1 0.280208 0.361111 0.018750 0.035185
1 0.284115 0.496759 0.025521 0.045370
1 0.088542 0.529167 0.032292 0.047222
