0 0.759896 0.491667 0.055208 0.144444
0 0.661198 0.517593 0.050521 0.200000
0 0.636458 0.490741 0.045833 0.148148
0 0.628385 0.465278 0.023438 0.076852
0 0.655990 0.146296 0.021354 0.125926
1 0.771615 0.439352 0.025521 0.039815
2 0.763802 0.553704 0.113021 0.183333
2 0.634375 0.529167 0.098958 0.184259
2 0.660417 0.166204 0.072917 0.069444
1 0.657552 0.098148 0.013021 0.020370
2 0.888021 0.077778 0.052083 0.075926
2 0.914583 0.075463 0.044792 0.075000
2 0.935417 0.064815 0.042708 0.070370
0 0.174479 0.193981 0.023958 0.136111
0 0.191667 0.181019 0.030208 0.119444
