0 0.947396 0.781481 0.089583 0.198148
0 0.936719 0.359722 0.031771 0.158333
0 0.976302 0.181019 0.029687 0.097222
0 0.590104 0.236574 0.027083 0.128704
0 0.572917 0.224074 0.020833 0.122222
0 0.549740 0.196296 0.024479 0.116667
2 0.930469 0.842593 0.136979 0.233333
2 0.921875 0.371759 0.096875 0.102778
1 0.941406 0.295370 0.020313 0.033333
2 0.970573 0.205556 0.053646 0.077778
1 0.974740 0.145370 0.016146 0.024074
2 0.775521 0.177778 0.068750 0.072222
2 0.594271 0.273611 0.069792 0.113889
1 0.593490 0.188426 0.018229 0.028704
1 0.572917 0.178241 0.016667 0.032407
1 0.550260 0.151389 0.016146 0.026852
2 0.545833 0.216667 0.047917 0.072222
