0 0.536198 0.423148 0.050521 0.159259
0 0.414844 0.176852 0.030729 0.114815
0 0.714583 0.224074 0.028125 0.100000
0 0.795833 0.295833 0.036458 0.150926
0 0.817187 0.278704 0.033333 0.116667
0 0.890365 0.345833 0.040104 0.156481
0 0.910937 0.327778 0.035417 0.127778
2 0.540365 0.471759 0.076563 0.156481
2 0.880208 0.360648 0.095833 0.099074
2 0.788542 0.311111 0.088542 0.094444
2 0.718490 0.263426 0.058854 0.097222
1 0.899740 0.283796 0.019271 0.032407
1 0.803906 0.235648 0.021354 0.026852
1 0.720313 0.190741 0.020833 0.029630
2 0.416146 0.212037 0.057292 0.098148
1 0.410938 0.135185 0.014583 0.027778
