0 0.831250 0.422222 0.033333 0.166667
0 0.911719 0.344444 0.031771 0.153704
0 0.932292 0.329630 0.027083 0.131481
0 0.820573 0.278704 0.026562 0.114815
0 0.801562 0.287963 0.029167 0.135185
0 0.735156 0.331019 0.030729 0.149074
0 0.745573 0.231019 0.029687 0.104630
0 0.480469 0.222685 0.030729 0.137963
2 0.479687 0.260185 0.068750 0.114815
1 0.479427 0.168519 0.015104 0.031481
2 0.736458 0.364815 0.087500 0.124074
2 0.797396 0.312037 0.073958 0.100000
2 0.735677 0.264815 0.085938 0.083333
1 0.742188 0.274537 0.018750 0.034259
1 0.748437 0.193519 0.019792 0.025926
1 0.807031 0.236111 0.018229 0.027778
1 0.915885 0.281944 0.022396 0.030556
1 0.834896 0.353241 0.023958 0.034259
2 0.830208 0.467130 0.106250 0.154630
2 0.899219 0.362037 0.096354 0.100000
