0 0.079167 0.677315 0.054167 0.215741
0 0.298698 0.198611 0.026562 0.121296
0 0.377083 0.124537 0.025000 0.112037
0 0.467187 0.358796 0.038542 0.150926
0 0.685937 0.231481 0.027083 0.122222
0 0.742969 0.275463 0.033854 0.128704
0 0.762760 0.268981 0.034896 0.108333
0 0.892188 0.342593 0.033333 0.148148
0 0.914323 0.324537 0.027604 0.119444
0 0.954948 0.538426 0.043229 0.180556
2 0.075521 0.744444 0.127083 0.188889
2 0.945573 0.590741 0.108854 0.174074
2 0.878646 0.360648 0.095833 0.104630
2 0.733854 0.300000 0.091667 0.105556
2 0.677083 0.256944 0.092708 0.089815
2 0.468750 0.395833 0.070833 0.160185
2 0.377083 0.154167 0.052083 0.091667
2 0.296094 0.231019 0.049479 0.106481
1 0.472656 0.299074 0.019271 0.033333
1 0.380729 0.086574 0.015625 0.026852
1 0.689063 0.186111 0.018750 0.035185
1 0.748177 0.225463 0.018229 0.032407
1 0.897396 0.284722 0.023958 0.034259
1 0.958594 0.468519 0.030729 0.042593
