0 0.638021 0.490278 0.031250 0.173148
0 0.625000 0.495370 0.057292 0.192593
0 0.758594 0.186111 0.023438 0.114815
0 0.739323 0.181481 0.026562 0.120370
0 0.658854 0.148148 0.020833 0.124074
0 0.523438 0.206481 0.032292 0.125926
2 0.639583 0.529630 0.101042 0.153704
0 0.645833 0.355556 0.052083 0.118519
2 0.759115 0.203704 0.075521 0.090741
1 0.739062 0.135648 0.015625 0.025000
1 0.758594 0.145370 0.013021 0.024074
1 0.662760 0.099074 0.011979 0.020370
2 0.661198 0.163889 0.073438 0.077778
2 0.522917 0.242593 0.077083 0.107407
1 0.519271 0.160185 0.013542 0.031481
