0 0.926302 0.244444 0.031771 0.118519
0 0.940104 0.243981 0.020833 0.113889
0 0.796875 0.374074 0.045833 0.155556
0 0.625260 0.416667 0.059896 0.150000
0 0.606771 0.407407 0.050000 0.137037
0 0.479687 0.206019 0.031250 0.128704
2 0.794271 0.415741 0.089583 0.138889
1 0.798438 0.316204 0.020833 0.036111
1 0.930990 0.197685 0.013021 0.025000
1 0.939583 0.200463 0.011458 0.026852
2 0.928125 0.277778 0.059375 0.087037
2 0.608333 0.454630 0.094792 0.170370
2 0.484115 0.243981 0.058854 0.106481
1 0.478646 0.160185 0.014583 0.031481
