0 0.771354 0.627778 0.072917 0.237037
0 0.659375 0.146296 0.023958 0.125926
0 0.550781 0.228704 0.040104 0.138889
0 0.392969 0.139352 0.022396 0.117593
0 0.243750 0.121296 0.031250 0.111111
2 0.759896 0.655556 0.113542 0.188889
2 0.544271 0.259722 0.094792 0.100926
2 0.661458 0.166204 0.070833 0.069444
1 0.555469 0.174537 0.020313 0.025000
1 0.660156 0.095833 0.014063 0.023148
2 0.401042 0.171759 0.055208 0.082407
1 0.393750 0.095833 0.014583 0.021296
2 0.242969 0.151389 0.049479 0.080556
1 0.247656 0.078241 0.015104 0.021296
