0 0.777865 0.328241 0.032813 0.147222
0 0.586979 0.372685 0.055208 0.150926
0 0.573698 0.374537 0.045312 0.156481
0 0.557031 0.354630 0.045312 0.137037
0 0.539062 0.141667 0.023958 0.101852
0 0.522396 0.136574 0.020833 0.108333
0 0.396354 0.287500 0.043750 0.145370
0 0.382031 0.271759 0.036979 0.117593
0 0.372135 0.260185 0.035937 0.120370
0 0.255990 0.106481 0.034896 0.103704
2 0.777083 0.364352 0.090625 0.132407
2 0.564844 0.400926 0.083854 0.151852
1 0.783333 0.269444 0.020833 0.031481
1 0.569010 0.302778 0.021354 0.029630
1 0.539323 0.101389 0.016146 0.026852
1 0.522917 0.095833 0.014583 0.023148
2 0.539323 0.168981 0.068229 0.076852
1 0.403385 0.228241 0.016146 0.032407
1 0.379688 0.213889 0.019792 0.027778
2 0.380469 0.301852 0.063021 0.120370
1 0.259115 0.068056 0.014063 0.021296
2 0.258594 0.131019 0.046354 0.095370
