0 0.246615 0.491204 0.066146 0.154630
0 0.433854 0.346759 0.048958 0.099074
0 0.430208 0.337963 0.043750 0.114815
0 0.488021 0.322685 0.037500 0.143519
0 0.503646 0.235648 0.023958 0.095370
0 0.510938 0.229167 0.019792 0.095370
2 0.255208 0.547222 0.080208 0.174074
1 0.237760 0.431944 0.020313 0.036111
1 0.441406 0.295370 0.015104 0.025926
2 0.431771 0.377315 0.043750 0.115741
2 0.485417 0.361111 0.040625 0.112963
1 0.487240 0.265278 0.014063 0.026852
2 0.504427 0.262963 0.024479 0.083333
1 0.505729 0.200463 0.014583 0.019444
1 0.510417 0.191667 0.013542 0.018519
