0 0.539583 0.387963 0.039583 0.124074
0 0.513021 0.379630 0.042708 0.168519
0 0.642448 0.277315 0.030729 0.123148
0 0.514323 0.177315 0.026562 0.104630
0 0.816927 0.219907 0.029687 0.123148
0 0.782292 0.154630 0.022917 0.103704
0 0.802344 0.149537 0.020313 0.089815
2 0.813021 0.250926 0.076042 0.101852
1 0.816667 0.173611 0.016667 0.032407
1 0.803385 0.115741 0.011979 0.024074
1 0.785677 0.114352 0.011979 0.025000
2 0.780208 0.171759 0.071875 0.076852
1 0.644271 0.231481 0.018750 0.037037
2 0.647656 0.327315 0.080729 0.123148
1 0.517969 0.318519 0.023438 0.040741
2 0.509115 0.426852 0.098437 0.172222
2 0.516406 0.211574 0.061979 0.097222
1 0.513021 0.137500 0.016667 0.025000
