0 0.771094 0.648611 0.079687 0.202778
0 0.853125 0.231019 0.015625 0.037963
0 0.953125 0.303704 0.027083 0.124074
0 0.931510 0.322222 0.032813 0.148148
0 0.841667 0.324537 0.034375 0.158333
0 0.834375 0.254630 0.028125 0.120370
0 0.705469 0.265278 0.034896 0.147222
0 0.654687 0.145833 0.020833 0.117593
0 0.532031 0.142130 0.019271 0.097222
0 0.482552 0.159259 0.027604 0.101852
2 0.739844 0.673148 0.093229 0.203704
2 0.923958 0.340278 0.086458 0.099074
1 0.940885 0.264352 0.018229 0.030556
1 0.958594 0.254630 0.018229 0.027778
2 0.829427 0.343981 0.099479 0.108333
1 0.850000 0.260185 0.017708 0.029630
1 0.838542 0.207407 0.016667 0.025926
2 0.824479 0.282407 0.090625 0.088889
2 0.695312 0.280093 0.095833 0.104630
1 0.714323 0.205093 0.018229 0.030556
2 0.888542 0.078241 0.054167 0.080556
2 0.916667 0.075000 0.046875 0.070370
2 0.661198 0.168056 0.071354 0.067593
1 0.658073 0.099537 0.013021 0.025000
2 0.532552 0.168519 0.065104 0.088889
0 0.538021 0.143056 0.011458 0.067593
1 0.538542 0.116204 0.010417 0.019444
1 0.532813 0.102778 0.013542 0.018519
2 0.482031 0.187963 0.059896 0.088889
