0 0.818750 0.532407 0.045833 0.198148
0 0.531250 0.431481 0.054167 0.162963
0 0.554167 0.415741 0.045833 0.157407
0 0.878125 0.311111 0.025000 0.137037
0 0.894792 0.324537 0.029167 0.139815
0 0.877604 0.179630 0.026042 0.107407
0 0.859896 0.174074 0.028125 0.094444
0 0.220312 0.206944 0.045833 0.128704
0 0.201563 0.144907 0.030208 0.106481
0 0.837240 0.531019 0.036979 0.187963
2 0.805729 0.590278 0.093750 0.160185
1 0.822656 0.454630 0.022396 0.044444
1 0.900521 0.273611 0.016667 0.032407
1 0.879687 0.258796 0.014583 0.028704
2 0.899479 0.360185 0.089583 0.114815
2 0.875260 0.200463 0.068229 0.078704
1 0.873437 0.142593 0.013542 0.027778
1 0.546615 0.356481 0.024479 0.038889
2 0.539062 0.462037 0.101042 0.161111
2 0.223177 0.254167 0.031771 0.063889
1 0.213542 0.154167 0.015625 0.026852
1 0.205990 0.102315 0.014063 0.025000
