0 0.917708 0.817130 0.078125 0.212037
0 0.880208 0.511574 0.044792 0.180556
0 0.951823 0.304630 0.031771 0.118519
0 0.906771 0.247685 0.035417 0.119444
0 0.605208 0.224537 0.036458 0.128704
0 0.384635 0.810185 0.071354 0.259259
2 0.911458 0.870833 0.169792 0.236111
2 0.379167 0.831944 0.179167 0.215741
2 0.869010 0.546759 0.098437 0.143519
2 0.940885 0.339815 0.076563 0.096296
2 0.902604 0.281019 0.055208 0.095370
2 0.604167 0.260185 0.065625 0.107407
1 0.370312 0.708333 0.038542 0.064815
1 0.889062 0.438889 0.023958 0.044444
1 0.955208 0.259722 0.020833 0.032407
1 0.909635 0.204630 0.017188 0.027778
1 0.603646 0.171296 0.015625 0.027778
