0 0.735156 0.271296 0.030729 0.124074
0 0.619010 0.160648 0.028646 0.108333
0 0.562240 0.127778 0.019271 0.105556
0 0.469271 0.199074 0.025000 0.124074
0 0.454427 0.189352 0.019271 0.102778
0 0.399479 0.196759 0.022917 0.121296
0 0.386458 0.179630 0.020833 0.124074
0 0.419531 0.113426 0.026562 0.075000
0 0.299479 0.126389 0.020833 0.095370
0 0.358594 0.091667 0.013021 0.096296
0 0.349219 0.087037 0.017188 0.087037
0 0.290104 0.120833 0.019792 0.108333
2 0.720573 0.301852 0.098437 0.100000
0 0.803646 0.159722 0.019792 0.095370
1 0.803385 0.123148 0.011979 0.024074
0 0.768750 0.127778 0.022917 0.083333
1 0.768229 0.096759 0.011458 0.021296
1 0.620313 0.118519 0.015625 0.024074
1 0.564323 0.085648 0.014063 0.023148
2 0.622396 0.190741 0.077083 0.088889
2 0.561979 0.159259 0.072917 0.077778
2 0.474479 0.231481 0.062500 0.109259
1 0.469010 0.153241 0.014063 0.030556
1 0.454948 0.151389 0.015104 0.023148
1 0.421094 0.091204 0.015104 0.026852
1 0.401823 0.150463 0.016146 0.026852
1 0.388542 0.135648 0.015625 0.032407
2 0.404167 0.233333 0.058333 0.112963
1 0.357292 0.056019 0.012500 0.021296
1 0.347917 0.055093 0.011458 0.021296
1 0.299740 0.092593 0.011979 0.024074
2 0.303646 0.154167 0.045833 0.099074
1 0.292708 0.080556 0.011458 0.022222
