0 0.110937 0.756481 0.066667 0.222222
0 0.473958 0.281019 0.029167 0.102778
0 0.450000 0.278704 0.038542 0.122222
0 0.519271 0.152778 0.019792 0.111111
0 0.534375 0.158796 0.022917 0.104630
0 0.560677 0.393519 0.043229 0.148148
0 0.886458 0.618056 0.050000 0.134259
2 0.114062 0.800926 0.188542 0.222222
1 0.102604 0.675000 0.040625 0.066667
2 0.881771 0.698148 0.109375 0.220370
1 0.894271 0.575000 0.030208 0.053704
2 0.568229 0.431481 0.111458 0.140741
1 0.565104 0.337500 0.022917 0.047222
2 0.452604 0.321759 0.071875 0.130556
1 0.453385 0.232407 0.023438 0.031481
2 0.531510 0.175926 0.065104 0.070370
1 0.532552 0.118981 0.014063 0.026852
1 0.522917 0.107407 0.013542 0.024074
2 0.776042 0.178704 0.067708 0.072222
0 0.702083 0.165741 0.027083 0.114815
0 0.656771 0.163889 0.026042 0.100000
