0 0.723958 0.593981 0.070833 0.228704
0 0.748177 0.372685 0.045312 0.156481
0 0.391927 0.524537 0.061979 0.243519
0 0.446875 0.325463 0.052083 0.147222
0 0.547396 0.203241 0.032292 0.134259
0 0.468229 0.183796 0.026042 0.121296
0 0.378385 0.222222 0.034896 0.120370
0 0.330729 0.238426 0.040625 0.123148
2 0.390885 0.550463 0.127604 0.182407
2 0.719792 0.653241 0.116667 0.199074
2 0.741146 0.415278 0.096875 0.136111
2 0.451042 0.369444 0.072917 0.148148
2 0.331510 0.278241 0.055729 0.137963
2 0.382031 0.263889 0.055729 0.120370
2 0.548438 0.238426 0.065625 0.106481
2 0.472656 0.218519 0.063021 0.098148
1 0.737760 0.508333 0.030729 0.044444
1 0.744010 0.318519 0.019271 0.044444
1 0.388802 0.426852 0.030729 0.046296
1 0.547396 0.154167 0.017708 0.032407
1 0.464062 0.137500 0.014583 0.025000
1 0.379427 0.177315 0.017188 0.025000
1 0.333333 0.191204 0.016667 0.026852
0 0.453125 0.184259 0.015625 0.120370
2 0.314063 0.137500 0.037500 0.080556
2 0.396615 0.134259 0.047396 0.079630
