0 0.863281 0.497685 0.045312 0.187963
0 0.828646 0.472222 0.054167 0.181481
0 0.794531 0.391667 0.028646 0.146296
0 0.820573 0.374074 0.038021 0.103704
0 0.906250 0.181481 0.032292 0.103704
0 0.780469 0.162037 0.022396 0.120370
0 0.802604 0.168981 0.018750 0.113889
0 0.710156 0.282407 0.041146 0.157407
0 0.629687 0.339352 0.032292 0.160185
0 0.653125 0.361111 0.032292 0.157407
0 0.532552 0.201389 0.032813 0.126852
0 0.562500 0.127778 0.018750 0.105556
0 0.473438 0.156019 0.031250 0.121296
0 0.456771 0.148148 0.018750 0.103704
0 0.403646 0.116667 0.027083 0.103704
0 0.393490 0.112037 0.017188 0.096296
2 0.862500 0.543981 0.127083 0.186111
1 0.866146 0.424537 0.026042 0.049074
1 0.841406 0.407407 0.026562 0.048148
1 0.821875 0.342130 0.022917 0.039815
1 0.800260 0.336574 0.022396 0.037963
2 0.813281 0.430093 0.084896 0.093519
2 0.654167 0.396296 0.090625 0.153704
1 0.653906 0.301852 0.024479 0.040741
1 0.632292 0.278241 0.026042 0.037963
2 0.700781 0.301389 0.095312 0.095370
2 0.905208 0.200926 0.057292 0.085185
1 0.905729 0.141667 0.013542 0.024074
1 0.801042 0.122685 0.015625 0.017593
1 0.782813 0.113889 0.015625 0.022222
2 0.775521 0.173148 0.071875 0.072222
1 0.564323 0.086111 0.013021 0.024074
2 0.562500 0.156481 0.075000 0.081481
1 0.540104 0.153704 0.017708 0.029630
2 0.530990 0.231019 0.067187 0.078704
2 0.475781 0.187963 0.065104 0.098148
1 0.470052 0.110185 0.013021 0.027778
1 0.455990 0.109722 0.015104 0.028704
2 0.406510 0.145370 0.050521 0.088889
1 0.403646 0.075463 0.013542 0.021296
1 0.393490 0.075000 0.011979 0.020370
