0 0.762240 0.910648 0.070312 0.178704
0 0.541927 0.470833 0.057813 0.206481
0 0.211458 0.612500 0.067708 0.200926
0 0.179427 0.641667 0.076563 0.209259
0 0.401302 0.265278 0.035937 0.128704
0 0.640625 0.191667 0.020833 0.105556
0 0.626042 0.181944 0.019792 0.106481
0 0.530729 0.138889 0.021875 0.105556
0 0.513802 0.129167 0.019271 0.091667
1 0.199740 0.537037 0.031771 0.048148
2 0.205208 0.669907 0.157292 0.197222
1 0.771354 0.850926 0.039583 0.066667
2 0.543750 0.499074 0.103125 0.179630
1 0.551823 0.390278 0.027604 0.047222
2 0.644792 0.222222 0.068750 0.096296
2 0.533333 0.164815 0.076042 0.087037
1 0.639323 0.150926 0.014063 0.027778
1 0.624740 0.141667 0.011979 0.024074
1 0.530208 0.098611 0.014583 0.028704
2 0.404948 0.308333 0.063021 0.125926
