0 0.789844 0.183796 0.027604 0.125000
0 0.775781 0.175463 0.028646 0.126852
0 0.527083 0.233333 0.029167 0.138889
0 0.508073 0.202778 0.022396 0.114815
0 0.219271 0.141204 0.026042 0.110185
1 0.795573 0.134722 0.014063 0.026852
1 0.780208 0.121759 0.013542 0.019444
2 0.794531 0.203241 0.081771 0.071296
2 0.888802 0.076389 0.054688 0.076852
2 0.912500 0.075926 0.048958 0.072222
2 0.936979 0.069907 0.038542 0.058333
2 0.526042 0.255556 0.077083 0.109259
2 0.220312 0.176389 0.042708 0.086111
1 0.216406 0.102315 0.017188 0.021296
