1 0.863281 0.497685 0.045312 0.187963
1 0.828646 0.472222 0.054167 0.181481
1 0.794531 0.391667 0.028646 0.146296
1 0.820573 0.374074 0.038021 0.103704
1 0.906250 0.181481 0.032292 0.103704
1 0.780469 0.162037 0.022396 0.120370
1 0.802604 0.168981 0.018750 0.113889
0 0.710156 0.282407 0.041146 0.157407
1 0.629687 0.339352 0.032292 0.160185
1 0.653125 0.361111 0.032292 0.157407
1 0.532552 0.201389 0.032813 0.126852
1 0.562500 0.127778 0.018750 0.105556
1 0.473438 0.156019 0.031250 0.121296
1 0.456771 0.148148 0.018750 0.103704
1 0.403646 0.116667 0.027083 0.103704
1 0.393490 0.112037 0.017188 0.096296
